[[0.838670567945424, 0.0028517102885179443, 0.5446315692378935, 0.0], [-2.168404344971009e-19, 0.9999862922474269, -0.00523596383141958, 0.0], [-0.5446390350150271, 0.004391248760238358, 0.8386590716567883, 0.0], [0.0, 0.0, 0.0, 1.0]]